
pt1: 43.0546689, -75.9646805
Pt2: 43.0535020, -75.9663371
Pt3: 43.0482362, -75.9663311
Pt4: 43.0519311, -75.9640629
